65 0.151572265625 0.1934765625 0.2049951171875 0.23330078125
105 0.17623046875 0.5835416666666667 0.1713037109375 0.193125
47 0.2736328125 0.3937174479166667 0.15615234375 0.2236328125
64 0.4171728515625 0.44353515625 0.1697998046875 0.23863932291666667
106 0.5861083984375 0.35498046875 0.1560986328125 0.2958984375
64 0.8209521484375 0.35171875 0.127744140625 0.22426432291666668
47 0.4132666015625 0.7240429687500001 0.1912841796875 0.21696614583333332
64 0.22712890625 0.8103320312500001 0.1730029296875 0.22677734375
22 0.6479931640625 0.7334830729166667 0.116298828125 0.20329427083333332
60 0.7514990234375 0.55423828125 0.137763671875 0.21264973958333333
47 0.8421875 0.7097200520833334 0.16533203125 0.21435546875