64 0.18567057291666667 0.193955078125 0.26196614583333333 0.1984619140625
105 0.4219791666666666 0.152763671875 0.19205729166666666 0.158388671875
65 0.8392643229166666 0.1187451171875 0.21498697916666668 0.223818359375
47 0.6430989583333333 0.2455615234375 0.2393229166666667 0.1682080078125
47 0.2846223958333333 0.3998974609375 0.2515364583333333 0.1643798828125
66 0.6398437499999999 0.406572265625 0.3152734375 0.1744775390625
22 0.27073567708333335 0.606982421875 0.25848307291666667 0.148857421875
64 0.6778190104166667 0.5744189453125 0.29139322916666666 0.148837890625
47 0.34277994791666666 0.8362109375 0.22895833333333335 0.1906494140625
60 0.48925130208333334 0.707265625 0.16166666666666665 0.14109375
64 0.6960416666666666 0.808203125 0.25841145833333334 0.16068359375